1           13           16              18               1.734            1.733 
2           13           18              20               1.813            1.811 
3           13           20              22               1.907            1.905 
4           15           16              20               1.760            1.758 
5           15           18              22               1.842            1.840 
6           15           20              18               2.126            2.124 
7           17           16              22               1.780            1.778 
8           17           18              18               2.079            2.077 
9           17           20              20               2.141            2.139 
10          15           18              20               1.904            1.902  
